00000000	8c090000
00000004	8c0a0004
00000008	8c0b0008
0000000c	8c0c0000
00000010	00000000
00000014	00000000
00000018	00000000
0000001c	00000000
00000020	00000000
00000024	01208820
00000028	12290012
0000002c	00000000
00000030	20130001
00000034	22730001
00000038	22730001
0000003c	012a8820
00000040	122afffe
00000044	00000000
00000048	20130001
0000004c	22730001
00000050	22730001
00000054	8c0b000c
00000058	1171fff8
0000005c	00000000
00000060	20130001
00000064	22730001
00000068	22730001
0000006c	10000007
00000070	00000000
00000074	8c090004
00000078	112afff0
0000007c	00000000
00000080	20130001
00000084	22730001
00000088	22730001
0000008c	1000ffff
00000090	00000000
00000094	00000000
00000098	00000000
0000009c	00000000
000000a0	00000000
000000a4	00000000
000000a8	00000000
000000ac	00000000